-6.319903
-6.424258
-6.372915
-6.291949
-6.290559
-6.230213
-6.220055
-6.193594
-6.221607
-6.164363
-6.120651
-6.057072
-5.984851
-6.012997
-5.990039
-5.917448
-5.944783
-5.889903
-5.844997
-5.716296
-5.765229
-5.751833
-5.741174
-5.745679
-5.714231
-5.710145
-5.713877
-5.649154
-5.575435
-5.572037
-5.544093
-5.506445
-5.505341
-5.475835
-5.569328
-5.424012
-5.393714
-5.375952
-5.369672
-5.307084
-5.266252
-5.365097
-5.381721
-5.276978
-5.200635
-5.199825
-5.072962
-5.053734
-5.064725
-5.030904
-5.092109
-4.975165
-4.951765
-4.898365
-4.920518
-4.897909
-4.826000
-4.787734
-4.788623
-4.790666
-4.758525
-4.722442
-4.656019
-4.616778
-4.584642
-4.582244
-4.552448
-4.483093
-4.640249
-4.473610
-4.400275
-4.414102
-4.381991
-4.376477
-4.348254
-4.278726
-4.305186
-4.250166
-4.303297
-4.221386
-4.169936
-4.141732
-4.073880
-4.131970
-4.081868
-4.002169
-3.999715
-3.906948
-3.859452
-3.863180
-3.865073
-3.636802
-3.768157
-3.809854
-3.761957
-3.760793
-3.733059
-3.662638
-3.591449
-3.554849
-3.554614
-3.393706
-3.501050
-3.467989
-3.479602
-3.394355
-3.378618
-3.354035
-3.316383
-3.249479
-3.145378
-3.136265
-3.175989
-3.147300
-3.108577
-3.043020
-3.003765
-2.906194
-2.926955
-2.939310
-2.707884
-2.806691
-2.811402
-2.760970
-2.728951
-2.695771
-2.725653
-2.766048
-2.671068
-2.623468
-2.595201
-2.494141
-2.417156
-2.513589
-2.466547
-2.416879
-2.420074
-2.390125
-2.352558
-2.286334
-2.247176
-2.214910
-2.114590
-1.940004
-2.087223
-2.122167
-2.042720
-1.906792
-1.959953
-1.978043
-1.906582
-1.834113
-1.798466
-1.797955
-1.930598
-1.787016
-1.656948
-1.690939
-1.635952
-1.654936
-1.634082
-1.561847
-1.458075
-1.514767
-1.465770
-1.450652
-1.392480
-1.415939
-1.328108
-1.279003
-1.250293
-1.214856
-1.114616
-1.136182
-1.148532
-1.047430
-1.034710
-1.010792
-0.972382
-1.101361
-0.960461
-0.829466
-0.830780
-0.836437
-0.769356
-0.728821
-0.730179
-0.666967
-0.625122
-0.593788
-0.591310
-0.626540
-0.534010
-0.485758
-0.555214
-0.435847
-0.379451
-0.354304
-0.350744
-0.287622
-0.246451
-0.410602
-0.175555
-0.125809
-0.345079
-0.141766
-0.061106
-0.079147
-0.013297
0.062554
0.130352
0.167963
0.168423
0.263971
0.277790
0.204223
0.195495
0.297475
0.406947
0.445512
0.476797
0.512776
0.351443
0.585762
0.635420
0.644730
0.685467
0.720851
0.688936
0.779621
0.795919
0.819646
0.922953
0.901597
0.954081
0.999636
1.030756
1.065486
1.100507
1.134901
1.169495
1.204107
1.238686
1.305905
1.312614
1.307429
1.438181
1.423630
1.408061
1.477271
1.485528
1.642251
1.601249
1.644193
1.595030
1.676944
1.760668
1.793978
1.826941
1.895355
1.934460
1.966576
2.001872
1.971305
2.094175
2.147869
2.141423
2.205583
2.215255
2.241641
2.279283
2.346174
2.254744
2.431292
2.467220
2.352183
2.470714
2.529585
2.586282
2.627424
2.464709
2.470896
2.715901
2.873116
2.809153
2.957362
2.857211
2.856102
2.806926
2.923032
2.978006
2.906487
3.058866
3.087670
3.138282
3.149726
3.210036
3.219070
3.278938
3.288519
3.348255
3.390437
3.422322
3.457352
3.492256
3.526764
3.561448
3.563499
3.723925
3.779975
3.739161
3.766713
3.806679
3.839554
3.972070
3.923392
3.936522
3.980247
4.013364
4.047372
4.082557
4.019266
3.974415
4.137358
4.193979
4.250182
4.259669
4.320356
4.362189
4.394105
4.363971
4.422028
4.400863
4.422460
4.527672
4.538349
4.563118
4.634372
4.640705
4.667885
4.705830
4.739987
4.741824
4.804598
4.846428
4.878108
4.913359
4.980925
5.020218
5.052565
5.087915
5.090089
5.087307
5.184983
5.198364
5.222828
5.261236
5.328255
5.334706
5.395125
5.404977
5.334130
5.455324
5.478519
5.531835
5.575457
5.607828
5.642578
5.677641
5.712261
5.747011
5.912293
5.868133
5.911668
5.928210
5.954329
5.991306
5.993450
5.860019
6.069348
6.013464
6.109532
6.138900
6.160416
6.165466
6.391634
6.228324
6.280268
6.214463
6.319667
6.410701
6.409242
6.503150
6.485962
6.505458
6.578743
6.617437
6.453553
6.623955
6.664301
6.678478
6.783525
6.730557
6.745338
6.821478
6.826768
6.886462
6.896882
6.891293
6.956741
7.161506
7.118882
7.062865
7.066048
7.131967
7.171804
7.171384
7.169535
7.169479
7.135935
7.293519
7.384191
7.380291
7.442975
7.453527
7.512709
7.522589
7.517328
7.550152
7.619654
7.625753
7.686135
7.728852
7.728087
7.725953
7.791349
7.832564
7.864328
7.932481
8.004885
8.009279
8.070268
8.080362
8.107404
8.079841
8.104862
8.144272
8.210690
8.217474
8.245444
8.283269
8.317601
8.319637
8.349932
8.387181
8.388801
8.418855
8.488898
8.429988
8.480768
8.626247
8.540659
8.582196
8.633820
8.663881
8.666015
8.696923
8.636070
8.721362
8.740286
8.600767
8.745788
8.811644
8.800779
8.800512
8.834100
8.804807
8.862274
8.972103
8.915048
8.963955
9.077676
9.052561
9.073292
9.114834
9.181101
9.187705
9.215858
9.188481
9.213370
9.187652
9.212033
9.251568
9.318158
9.357604
9.390396
9.393272
9.423548
9.428153
9.457776
9.462419
9.426882
9.552512
9.606021
9.632424
9.669177
9.672017
9.734389
9.678718
9.663838
9.734399
9.709641
9.699042
9.800286
9.846054
9.744721
9.794809
9.877025
9.878936
9.743971
9.791517
10.070844
10.002847
9.969786
10.014663
10.049901
10.050383
10.016113
10.076674
10.055242
10.077070
10.117453
10.118915
10.148792
10.186502
10.188220
10.218376
10.223316
10.252937
10.159749
10.273201
10.331944
10.292169
10.384425
10.434540
10.430373
10.461794
10.467096
10.463779
10.496447
10.500809
10.530346
10.567832
10.537111
10.595163
10.574639
10.563908
10.599449
10.636037
10.637466
10.700605
10.677639
10.700134
10.740538
10.741971
10.739315
10.707080
10.701762
10.605654
10.688236
10.709084
10.732282
10.738072
10.735831
10.768081
10.805136
10.872152
10.781488
10.827931
10.877954
10.908273
10.812987
10.895016
10.916320
10.939412
10.912573
10.840384
11.159221
10.982165
10.955673
10.982888
11.009475
11.012338
11.010843
10.978068
10.940238
10.970011
11.008739
11.009926
11.040357
11.045457
11.042524
11.042599
11.042294
11.074347
11.143940
11.117972
11.043338
11.135025
11.153066
11.111250
11.140585
11.245697
11.190745
11.174257
11.213373
10.988143
11.147337
11.193216
11.174106
11.143968
11.303478
11.132388
11.091043
11.108139
11.137197
11.140314
11.138487
11.171159
11.175523
11.172650
11.172904
11.172608
11.172086
11.171739
11.236622
11.082582
11.118932
11.271806
11.152193
11.123749
11.168994
11.138207
11.129829
11.067952
11.122692
11.168978
11.200164
11.170538
11.164079
11.297023
11.184536
11.122809
11.162576
11.297754
11.181961
11.121608
11.193958
11.170556
11.159232
11.163125
11.162361
11.226846
11.203614
11.161089
11.159628
11.128656
10.992107
11.073210
11.128863
11.123477
11.089760
11.053461
11.115608
11.093906
11.050802
11.114666
11.093287
11.082431
11.118511
11.090012
11.082159
11.085095
11.051637
11.013730
10.978654
10.975384
10.944157
10.971199
10.978076
10.942244
10.970347
10.912188
10.931877
10.941714
10.938051
10.938048
10.775030
10.881371
10.912121
10.833943
10.858834
10.836526
10.827191
10.797264
10.792076
10.761276
10.755834
10.594755
10.570290
10.712465
10.728260
10.717942
10.688202
10.650788
10.680285
10.686774
10.683463
10.651243
10.646476
10.615862
10.610323
10.579809
10.606991
10.581180
10.540710
10.506033
10.503088
10.504425
10.405798
10.456645
10.473232
10.433726
10.462384
10.404669
10.358973
10.359428
10.328048
10.289512
10.254571
10.218887
10.182978
10.147273
10.111530
10.075774
10.105288
10.079035
10.169002
10.218732
10.052540
10.060474
10.045502
10.002165
9.967172
9.964884
9.933480
9.928020
9.930336
9.929655
9.896765
9.859391
9.856885
9.793275
9.815587
9.661910
9.732408
9.726300
9.711503
9.714989
9.617323
9.602329
9.609620
9.672942
9.551505
9.495392
9.501279
9.501274
9.467329
9.593506
9.484281
9.357019
9.387330
9.364593
9.289325
9.348423
9.329768
9.253261
9.279958
9.223990
9.210342
9.215710
9.182125
9.111644
9.039530
9.066741
9.074882
9.038527
9.034386
8.971749
8.928750
8.928702
8.897343
8.859079
8.824231
8.821296
8.822899
8.822293
8.789636
8.784942
8.722017
8.711877
8.683938
8.678064
8.680224
8.647213
8.609663
8.542160
8.534416
8.473233
8.429917
8.429881
8.398634
8.327758
8.320832
8.422975
8.272692
8.241719
8.190557
8.145551
8.112137
8.109354
8.078179
8.040322
8.005378
8.002512
8.004196
7.938385
7.896300
7.831215
7.888143
7.836414
7.788469
7.757044
7.753899
7.689957
7.680127
7.619712
7.706984
7.562721
7.432981
7.497664
7.479224
7.499605
7.410638
7.361243
7.396489
7.336907
7.324053
7.297223
7.258818
7.223540
7.188340
7.152675
7.084553
7.076950
7.048587
7.075327
7.147731
6.958745
6.926009
6.909330
6.901005
6.837467
6.828336
6.767681
6.724509
6.691875
6.656024
6.783438
6.673961
6.644849
6.591766
6.580389
6.519126
6.509192
6.448569
6.372919
6.335514
6.334715
6.303145
6.232727
6.291145
6.207118
6.154228
6.125389
6.089121
6.053062
6.017993
5.982513
5.914414
5.939514
5.818090
5.860890
5.815422
5.766510
5.734769
5.503694
5.602375
5.637932
5.591566
5.588890
5.560094
5.554127
5.556716
5.491229
5.449123
5.416866
5.413452
5.317349
5.302868
5.375492
5.220267
5.191634
5.205469
5.104779
5.057380
4.962915
4.949268
4.923119
4.884455
4.686299
4.888566
4.870358
4.775339
4.774760
4.714672
4.441822
4.604964
4.619302
4.529860
4.493628
4.462217
4.555571
4.408816
4.410369
4.331234
4.344754
4.291440
4.246170
4.213910
4.145795
4.105344
4.072590
4.036641
4.066463
4.040773
4.000613
4.031776
3.973509
3.895750
3.892027
3.830814
3.787374
3.722576
3.747369
3.658423
3.641013
3.551128
3.535631
3.542661
3.476270
3.368828
3.392686
3.370990
3.296832
3.355932
3.239810
3.149495
3.183764
3.158963
3.117549
3.051294
3.207285
3.039404
2.965475
2.815333
2.889178
2.881236
2.802150
2.796750
2.671569
2.683696
2.600525
2.647295
2.697108
2.630898
2.554791
2.519016
2.452684
2.411809
2.379129
2.343368
2.307996
2.272907
2.205023
2.165045
2.164862
2.264284
2.082412
2.047237
2.031298
1.990824
1.987924
1.925732
1.883086
1.883504
1.852571
1.782103
1.742941
1.579696
1.622644
1.611252
1.566529
1.565413
1.535766
1.497645
1.463157
1.428114
1.392774
1.259750
1.308234
1.294494
1.152384
1.169815
1.152011
1.077059
1.070829
1.076061
1.009600
0.967876
0.935997
0.900127
0.832155
0.825072
0.764403
0.721480
0.656645
0.714246
0.597599
0.605820
0.589116
0.580342
0.583120
0.485749
0.471625
0.446780
0.473274
0.382704
0.366313
0.341771
0.270585
0.230918
0.133363
0.120582
0.029683
0.046863
0.124327
0.032511
-0.051062
-0.083793
-0.117769
-0.121383
-0.184052
-0.226231
-0.258374
-0.293977
-0.329284
-0.364206
-0.366692
-0.397044
-0.597663
-0.525340
-0.529336
-0.675119
-0.657121
-0.641840
-0.679534
-0.715931
-0.749743
-0.785129
-0.820269
-0.887884
-0.927705
-0.895108
-0.953915
-1.161752
-1.053622
-1.053407
-1.103908
-1.233999
-1.184308
-1.264029
-1.219573
-1.331811
-1.323648
-1.210302
-1.362897
-1.458616
-1.550933
-1.432345
-1.472946
-1.525340
-1.555063
-1.622707
-1.663265
-1.695581
-1.731207
-1.668471
-1.721730
-1.768729
-1.799498
-1.802217
-1.865595
-2.070651
-1.963233
-1.963051
-2.013351
-2.045550
-2.079466
-2.147943
-2.154897
-2.215300
-2.225469
-2.252775
-2.290553
-2.357809
-2.397284
-2.397387
-2.428216
-2.498298
-2.504649
-2.532420
-2.570548
-2.637577
-2.677063
-2.677174
-2.642720
-2.703299
-2.747071
-2.745713
-2.776500
-2.814170
-2.815671
-2.845819
-2.850695
-2.912865
-2.954865
-3.019562
-3.027110
-3.055120
-3.125546
-3.099474
-3.187567
-3.172316
-3.191784
-3.232428
-3.299244
-3.338407
-3.371247
-3.406746
-3.441728
-3.476534
-3.511489
-3.513783
-3.576577
-3.586013
-3.613163
-3.651004
-3.685520
-3.687542
-3.717866
-3.853037
-3.836288
-3.887039
-3.900840
-4.058106
-3.951276
-3.985317
-4.039156
-4.036429
-4.066204
-4.039117
-4.063620
-4.135823
-4.207030
-4.244026
-4.310005
-4.317644
-4.345316
-4.481013
-4.399121
-4.440210
-4.458819
-4.451690
-4.484061
-4.554078
-4.690611
-4.606822
-4.583621
-4.657856
-4.664906
-4.593401
-4.715476
-4.869134
-4.615205
-4.830316
-4.889860
-4.897349
-4.937801
-4.973996
-5.040120
-5.047383
-5.009901
-5.103450
-5.119442
-5.143277
-5.214358
-5.188477
-5.243603
-5.288797
-5.320070
-5.355174
-5.553541
-5.416120
-5.410470
-5.462807
-5.461739
-5.588496
-5.510409
-5.485607
-5.559593
-5.566913
-5.691044
-5.580498
-5.616492
-5.636964
-5.662004
-5.698951
-5.701347
-5.698400
-5.730966
-5.767559
-5.834254
-5.710697
-5.817343
-5.911580
-5.940917
-5.974572
-6.010937
-6.077868
-6.084701
-6.079798
-6.112826
-6.116846
-6.113415
-6.113296
-6.145213
-6.181632
-6.085317
-6.231632
-6.164562
-6.298753
-6.331583
-6.350421
-6.389014
-6.424162
-6.425585
-6.423181
-6.455619
-6.492119
-6.591434
-6.537834
-6.390495
-6.573057
-6.609247
-6.623627
-6.696499
-6.769016
-6.739877
-6.698386
-6.729174
-6.636874
-6.781650
-6.812477
-6.863209
-6.907103
-6.907078
-6.871669
-6.899642
-6.971073
-6.976586
-7.004134
-7.042097
-7.043583
-7.073330
-7.110631
-7.144698
-7.179309
-7.148907
-7.174092
-7.246229
-7.251831
-7.246582
-7.247197
-7.246334
-7.375730
-7.296034
-7.271313
-7.312717
-7.347724
-7.381014
-7.416255
-7.483593
-7.425060
-7.508399
-7.527777
-7.518525
-7.519074
-7.551414
-7.554803
-7.551585
-7.649226
-7.629998
-7.649645
-7.657776
-7.621500
-7.615972
-7.683057
-7.690877
-7.685080
-7.718183
-7.754781
-7.788569
-7.790694
-7.853350
-7.862482
-7.856757
-7.954866
-7.935767
-7.922630
-7.926024
-7.924768
-7.988599
-7.997407
-7.991660
-8.024562
-8.028569
-7.992342
-8.085237
-8.101045
-8.124769
-8.163003
-8.164818
-8.161652
-8.194149
-8.197939
-8.227102
-8.231568
-8.195683
-8.223098
-8.131541
-8.276357
-8.437410
-8.311297
-8.317019
-8.333761
-8.294916
-8.386980
-8.566623
-8.450764
-8.453186
-8.470108
-8.464283
-8.463016
-8.462881
-8.429022
-8.553803
-8.443753
-8.478823
-8.531955
-8.626842
-8.572754
-8.621803
-8.636688
-8.629828
-8.629592
-8.661783
-8.697856
-8.699261
-8.696527
-8.728863
-8.699957
-8.691732
-8.693808
-8.724925
-8.761085
-8.762611
-8.792435
-8.829511
-8.830830
-8.632182
-8.766609
-8.803713
-8.819538
-8.825873
-8.856345
-8.892453
-8.926657
-8.863303
-8.851103
-8.920749
-8.927995
-8.954545
-8.959817
-8.826003
-8.969491
-8.969368
-8.949015
-8.855263
-8.970903
-9.027806
-9.020367
-9.051800
-9.024223
-9.080783
-9.124896
-9.123373
-9.120934
-9.153504
-9.124400
-9.148782
-9.122952
-9.114245
-9.148641
-9.184634
-9.218326
-9.187783
-9.212920
-9.252225
-9.220293
-9.277807
-9.256910
-9.278262
-9.252781
-9.179088
-9.236444
-9.249368
-9.209430
-9.270100
-9.314007
-9.344568
-9.347077
-9.344587
-9.376558
-9.380283
-9.278875
-9.394749
-9.387353
-9.435223
-9.480927
-9.316821
-9.388025
-9.414274
-9.435402
-9.407762
-9.400554
-9.434563
-9.437794
-9.466801
-9.373356
-9.420980
-9.339206
-9.415277
-9.403866
-9.389609
-9.424793
-9.428570
-9.424545
-9.456925
-9.460702
-9.489697
-9.494037
-9.523291
-9.527442
-9.524097
-9.621402
-9.569427
-9.551532
-9.557141
-9.555112
-9.586082
-9.394355
-9.558125
-9.600514
-9.581437
-9.583380
-9.551039
-9.544212
-9.545701
-9.544089
-9.542864
-9.476664
-9.531316
-9.577146
-9.542149
-9.534966
-9.537341
-9.535391
-9.566768
-9.537992
-9.529707
-9.564253
-9.534763
-9.526299
-9.528393
-9.559373
-9.562789
-9.592097
-9.596333
-9.560281
-9.554932
-9.393218
-9.563424
-9.570119
-9.481665
-9.574566
-9.593085
-9.615118
-9.588113
-9.580437
-9.614452
-9.682934
-9.590847
-9.538828
-9.541482
-9.540966
-9.538753
-9.505401
-9.532207
-9.505549
-9.529324
-9.535890
-9.564608
-9.535972
-9.527964
-9.529715
-9.560725
-9.466264
-9.513928
-9.530099
-9.522408
-9.522130
-9.521625
-9.650655
-9.440163
-9.526770
-9.531264
-9.381325
-9.528078
-9.724248
-9.568391
-9.567079
-9.586820
-9.579813
-9.578357
-9.578229
-9.544152
-9.472998
-9.530098
-9.379493
-9.446398
-9.505336
-9.401189
-9.482365
-9.504292
-9.461019
-9.489275
-9.496054
-9.524007
-9.528229
-9.492336
-9.519507
-9.525644
-9.488749
-9.483422
-9.419664
-9.408249
-9.411860
-9.409640
-9.245138
-9.416307
-9.455591
-9.436945
-9.471697
-9.443872
-9.369355
-9.361927
-9.267257
-9.315633
-9.298560
-9.286262
-9.288399
-9.319843
-9.290370
-9.282261
-9.316764
-9.319815
-9.283428
-9.278324
-9.247013
-9.272990
-9.213692
-9.232805
-9.241692
-9.269758
-9.241005
-9.233092
-9.300031
-9.242604
-9.292219
-9.176242
-9.117599
-9.154719
-9.126150
-9.051298
-9.207302
-9.136293
-9.107362
-9.149140
-9.118945
-9.109625
-9.144694
-9.180329
-9.213865
-9.150613
-9.040356
-9.095585
-9.077274
-9.064452
-9.066963
-9.033071
-8.994063
-8.990767
-8.991395
-8.989507
-8.988406
-9.085233
-8.967754
-8.973040
-8.955464
-8.944963
-8.913440
-8.875021
-8.838548
-8.834552
-8.835097
-8.833347
-8.799574
-8.793761
-8.794969
-8.760566
-8.787206
-8.760697
-8.751739
-8.720873
-8.681954
-8.678192
-8.646352
-8.672348
-8.613106
-8.599542
-8.603670
-8.568871
-8.529995
-8.559412
-8.662611
-8.509413
-8.477992
-8.490875
-8.486727
-8.321614
-8.395394
-8.420312
-8.376181
-8.371716
-8.373879
-8.371522
-8.402974
-8.374117
-8.398368
-8.372337
-8.298254
-8.355650
-8.303167
-8.318855
-8.295819
-8.319329
-8.488541
-8.182221
-8.187199
-8.255484
-8.248407
-8.244534
-8.213054
-8.174009
-8.137711
-8.166349
-8.138975
-8.130081
-8.131949
-8.097719
-8.058924
-8.055585
-8.023555
-8.016924
-8.018215
-7.983902
-7.977860
-7.913975
-7.902675
-7.873589
-7.736074
-7.816001
-7.805696
-7.724706
-7.750689
-7.759237
-7.688542
-7.743801
-7.724671
-7.712486
-7.649554
-7.638750
-7.609324
-7.602376
-7.603430
-7.634519
-7.540064
-7.522382
-7.496391
-7.456087
-7.452187
-7.453243
-7.451273
-7.384869
-7.472222
-7.392168
-7.368330
-7.343421
-7.336198
-7.304072
-7.265413
-7.196489
-7.187711
-7.190640
-7.155651
-7.051781
-7.136895
-7.123862
-7.108804
-7.079141
-7.073246
-7.171772
-7.021317
-6.989138
-7.001937
-6.965314
-6.958558
-6.927948
-6.888639
-6.852364
-6.848422
-6.816288
-6.809802
-6.811063
-6.907263
-6.822330
-6.799861
-6.742471
-6.730237
-6.667969
-6.689222
-6.632092
-6.585406
-6.552074
-6.547681
-6.547942
-6.546367
-6.479946
-6.436746
-6.533510
-6.417247
-6.389114
-6.366963
-6.326303
-6.419888
-6.272260
-6.239349
-6.252049
-6.215590
-6.176172
-6.108188
-6.131810
-6.106818
-6.064745
-6.029150
-6.025351
-5.993069
-5.954001
-5.950535
-5.951253
-5.884109
-5.840885
-5.807270
-5.769876
-5.765592
-5.896928
-5.718345
-5.679112
-5.694950
-5.625173
-5.613469
-5.585445
-5.610763
-5.649147
-5.552161
-5.502198
-5.439081
-5.428943
-5.562129
-5.350693
-5.339199
-5.362288
-5.289483
-5.245672
-5.147879
-5.198574
-5.180669
-5.168375
-5.138017
-5.164673
-5.072348
-5.021517
-4.990738
-5.018237
-4.990579
-4.982018
-4.983850
-4.851745
-4.864019
-4.877406
-4.969269
-4.852101
-4.825410
-4.737574
-4.752652
-4.762756
-4.660114
-4.644974
-4.586236
-4.573565
-4.511728
-4.467674
-4.596825
-4.452954
-4.417650
-4.431157
-4.394759
-4.355233
-4.352579
-4.418353
-4.197551
-4.223753
-4.217633
-4.170157
-4.264922
-4.150495
-4.089350
-4.029740
-3.986878
-3.951752
-3.882353
-3.873373
-3.843906
-3.804186
-3.735379
-3.726795
-3.697080
-3.624769
-3.616500
-3.554541
-3.575176
-3.583563
-3.546433
-3.540934
-3.542577
-3.344892
-3.445758
-3.478201
-3.365860
-3.352439
-3.359704
-3.323378
-3.252107
-3.244386
-3.214698
-3.077001
-3.091931
-3.039536
-3.154427
-3.014357
-2.914031
-2.950083
-2.923470
-2.880352
-2.845500
-2.874294
-2.814118
-2.735367
-2.893370
-2.756601
-2.685568
-2.662317
-2.656459
-2.590697
-2.580258
-2.518628
-2.506842
-2.477757
-2.438327
-2.434651
-2.402978
-2.331130
-2.322987
-2.326206
-2.258503
-2.182629
-2.046586
-2.095278
-2.079256
-2.229408
-2.027124
-2.013457
-2.003900
-1.959377
-1.890034
-1.817169
-1.842996
-1.817612
-1.840775
-1.716982
-1.628939
-1.595681
-1.592469
-1.592066
-1.492868
-1.510246
-1.488534
-1.445829
-1.410146
-1.373988
-1.271754
-1.323563
-1.305994
-1.260899
-1.389075
-1.180929
-1.103340
-1.116923
-1.049194
-1.036817
-1.008926
-0.969187
-0.900245
-0.793924
-0.782667
-0.787620
-0.784662
-0.750939
-0.712847
-0.676719
-0.640083
-0.603384
-0.566794
-0.562803
-0.563553
-0.496650
-0.420872
-0.415247
-0.352492
-0.340556
-0.344419
-0.309719
-0.238422
-0.263199
-0.205787
-0.158899
-0.125887
-0.088975
-0.019343
0.021807
-0.009233
0.018519
0.157891
0.174735
0.231869
0.245106
0.241502
0.177988
0.267738
0.352802
0.387538
0.422808
0.460542
0.529480
0.538113
0.567623
0.672474
0.685392
0.679581
0.715222
0.786371
0.924601
0.842625
0.788485
0.892321
0.940874
0.970701
1.041600
1.148492
1.093886
1.177385
1.166741
1.187196
1.392452
1.354286
1.364060
1.411217
1.413723
1.444579
1.516767
1.557384
1.558766
1.623990
1.700377
1.673263
1.731127
1.778076
1.745653
1.838310
1.856934
1.849869
1.885146
1.923950
1.992075
1.968212
1.992991
2.067525
2.075047
2.104137
2.176624
2.217318
2.251213
2.321180
2.232005
2.377525
2.475940
2.472612
2.536589
2.483924
2.567881
2.588982
2.614428
2.654122
2.658006
2.721971
2.765815
2.799319
2.836340
2.873091
2.942070
2.983359
2.984858
3.049863
3.093615
3.094348
2.963533
3.076834
3.204056
3.239709
3.338213
3.321068
3.342874
3.319973
3.411314
3.461647
3.525063
3.534678
3.564441
3.603635
3.639659
3.643327
3.512081
3.722992
3.799336
3.785619
3.853366
3.898162
3.930647
3.967844
3.971993
3.938249
4.163448
4.134718
4.141210
4.188541
4.191306
4.221890
4.228741
4.292423
4.335881
4.369493
4.406447
4.475751
4.451542
4.508766
4.588034
4.560427
4.617925
4.697566
4.702395
4.764648
4.776648
4.837846
4.914480
4.952937
4.987334
5.024639
5.061021
5.162608
5.143332
5.198104
5.180060
5.236182
5.249711
5.278192
5.317273
5.320822
5.384866
5.395959
5.294094
5.477595
5.579597
5.573403
5.605557
5.645952
5.485252
5.656280
5.763695
5.789074
5.825619
5.831273
5.862147
5.900965
5.904241
5.935772
5.974710
6.010467
6.046771
6.115939
6.124417
6.153659
6.127824
6.252086
6.242039
6.293299
6.373506
6.411525
6.445486
6.450306
6.449236
6.483141
6.390856
6.538062
6.635694
6.632214
6.696132
6.643272
6.727071
6.682762
6.796442
6.855018
6.850305
6.883149
6.889994
6.920526
6.959268
6.864673
7.012413
7.110117
7.106489
7.137789
7.210682
7.250576
7.056016
7.255758
7.304787
7.317519
7.359379
7.429200
7.436513
7.531263
7.514905
7.471098
7.503770
7.544025
7.546018
7.610374
7.621435
7.617267
7.651778
7.722750
7.762937
7.666411
7.880245
7.922051
7.806097
7.927095
8.020336
7.985428
8.044282
8.058958
8.282145
8.186580
8.151938
8.166252
8.197818
8.202020
8.266351
8.342332
8.347742
8.344785
8.412192
8.422305
8.352748
8.443164
8.495712
8.492441
8.525109
8.564341
8.599612
8.635857
8.672296
8.806396
8.661125
8.792237
8.831114
8.882225
8.894535
8.924293
8.897499
8.923953
8.964832
9.097863
9.017639
8.995327
9.005594
9.037291
9.074582
9.110755
9.049030
9.168970
9.128759
9.239586
9.298846
9.326691
9.363997
9.368353
9.529888
9.457044
9.431481
9.474918
9.478944
9.443626
9.473332
9.546390
9.618565
9.657104
9.561247
9.676984
9.671734
9.688696
9.698605
9.697001
9.795392
9.680075
9.752271
9.778574
9.900320
9.855741
9.870785
10.013402
9.899258
9.903862
9.954382
9.955047
10.050854
10.034464
10.022939
10.027631
10.093214
10.070174
10.094073
10.103028
10.100746
10.166860
10.177227
10.205474
10.212045
10.210416
10.276592
10.254189
10.310349
10.324064
10.319401
10.353467
10.359161
10.357035
10.423519
10.433682
10.461915
10.403229
10.522592
10.579901
10.574518
10.607458
10.614010
10.611651
10.580172
10.576136
10.611549
10.616251
10.646934
10.522439
10.664787
10.731759
10.690062
10.718663
10.760586
10.762129
10.891302
10.781225
10.753038
10.798152
10.768733
10.793834
10.802775
10.767613
10.796342
10.869546
10.876355
10.839968
10.869822
10.910098
10.912086
10.910791
10.912125
11.075666
10.969268
10.938811
11.017239
11.057820
11.057224
11.089870
11.095777
11.093612
11.094679
11.095285
11.095611
11.096113
11.096589
11.097046
11.097510
11.097972
11.131059
11.136262
11.166943
11.172758
11.203525
11.241832
11.212119
11.173279
11.172114
11.174309
11.206569
11.244468
11.084201
11.156960
11.184350
11.174457
11.045672
11.191236
11.028649
11.214594
11.232798
11.241536
11.219443
11.213673
11.248563
11.122980
11.199732
11.224705
11.215516
11.282524
11.293256
11.320946
11.327394
11.292991
11.256334
11.254549
11.158725
11.242078
11.296590
11.325385
11.199134
11.309930
11.306477
11.322708
11.332281
11.297912
11.326023
11.366505
11.335860
11.362226
11.403223
11.372599
11.366234
11.337255
11.332170
11.334728
11.334649
11.334872
11.302712
11.330916
11.305772
11.330987
11.306372
11.331798
11.307012
11.267207
11.265569
11.267929
11.365286
11.282027
11.261021
11.237720
11.264348
11.271156
11.268957
11.237083
11.232832
11.137520
11.188261
11.139931
11.156848
11.363402
11.258597
11.258201
11.179068
11.258517
11.279719
11.239186
11.138179
11.225151
11.115293
11.054899
11.094426
11.002111
11.049527
11.067654
11.094023
11.197666
11.047267
11.016855
11.031110
10.963214
10.953157
10.959001
10.957864
10.957887
10.991077
10.963367
10.858568
10.912874
10.929289
10.890029
10.854030
10.885104
10.858860
10.818676
10.784632
10.782072
10.849085
10.597242
10.717863
10.729718
10.708403
10.713123
10.681682
10.806641
10.697969
10.669035
10.648544
10.642048
10.676365
10.648734
10.641591
10.612257
10.607184
10.609550
10.576673
10.474117
10.364707
10.455111
10.442168
10.461052
10.437693
10.430662
10.400624
10.297884
10.416519
10.344512
10.286255
10.323828
10.264765
10.251508
10.127015
10.237640
10.233359
10.184391
10.151619
10.117048
10.080866
10.110842
10.084954
10.109928
10.085219
10.045156
10.043307
10.045487
10.012132
10.007582
10.010227
9.944432
9.902352
9.870046
9.833928
9.863533
9.805109
9.760058
9.728213
9.692318
9.689119
9.691224
9.690698
9.690787
9.723624
9.597918
9.544002
9.549585
9.517078
9.478689
9.542170
9.423017
9.365914
9.372162
9.307203
9.296508
9.236648
9.226010
9.198002
9.159760
9.124610
9.121967
9.091046
9.053146
9.050886
9.052820
9.052137
8.986978
8.945014
8.847196
8.932067
8.691741
8.808086
8.852715
8.803807
8.800966
8.739748
8.728768
8.700988
8.695270
8.632182
8.622365
8.594419
8.555952
8.553430
8.522863
8.517364
8.454553
8.444571
8.383995
8.340786
8.210130
8.257838
8.276082
8.236347
8.330435
8.184584
8.087372
8.254837
8.084949
8.042321
8.027758
7.987238
7.983549
7.953690
7.948044
7.917754
7.879890
7.844751
7.809263
7.773528
7.705312
7.697587
7.766995
7.677336
7.625542
7.662048
7.602152
7.328026
7.426342
7.496012
7.453156
7.415390
7.414962
7.383309
7.312514
7.272895
7.272332
7.208042
7.099941
7.188467
7.110771
7.119812
7.166165
7.134550
7.061889
6.990665
6.952538
6.918415
6.849515
6.809137
6.580176
6.743775
6.723009
6.662208
6.567405
6.653543
6.640417
6.594227
6.560873
6.493106
6.452081
6.451548
6.420015
6.381789
6.281582
6.334328
6.350148
6.343417
6.344349
6.279491
6.138980
6.124725
6.035112
6.050702
6.062421
5.993229
5.983781
5.956284
5.884686
5.844645
5.844227
5.779811
5.736858
5.704284
5.700597
5.636740
5.626649
5.598631
5.625193
5.566704
5.521654
5.456739
5.448448
5.419494
5.413535
5.350390
5.307676
5.274766
5.173239
5.258280
5.148563
5.120309
5.066123
5.152492
5.007321
4.942945
4.918942
4.881162
4.844481
4.678829
4.787084
4.686681
4.654833
4.633699
4.561992
4.520984
4.488217
4.484242
4.420430
4.247122
4.260556
4.308561
4.274750
4.235162
4.233877
4.169926
4.159368
4.131414
4.125272
4.061936
4.051845
3.990979
3.980115
3.853945
3.866354
3.847571
3.805316
3.770276
3.767649
3.736183
3.697969
3.630134
3.589600
3.556010
3.486940
3.413617
3.440789
3.416162
3.374774
3.340182
3.304581
3.235767
3.227844
3.166500
3.188094
3.164631
3.123546
3.088629
3.053079
3.049528
2.953176
2.905408
2.874915
2.837874
2.834290
2.836058
2.769801
2.727340
2.694553
2.657979
2.621877
2.586136
2.550181
2.514248
2.478335
2.442409
2.373853
2.365809
2.337027
2.232819
2.220550
2.227014
2.159391
2.149398
2.154216
2.087247
2.077200
2.049296
2.010245
1.942081
1.901658
1.867934
1.864012
1.832725
1.794485
1.726475
1.718477
1.689532
1.585323
1.540394
1.509442
1.472069
1.403315
1.395498
1.366585
1.327573
1.226874
1.279502
1.197128
1.208496
1.155853
1.109603
1.043966
1.003147
0.936530
0.862704
0.856894
0.729646
0.774154
0.727612
0.580108
0.696808
0.659185
0.669239
0.582877
0.532799
0.469293
0.427774
0.426356
0.427372
0.360924
0.383724
0.392898
0.290878
0.276628
0.283737
0.052824
0.149415
0.315683
0.124388
0.087657
0.040118
-0.006594
-0.073236
-0.081013
-0.110337
-0.149311
-0.184825
-0.220689
-0.256916
-0.325581
-0.366382
-0.432687
-0.376233
-0.395758
-0.439525
-0.473880
-0.542194
-0.550817
-0.612283
-0.623476
-0.651912
-0.690792
-0.889666
-0.818720
-0.889232
-0.849601
-0.995142
-0.959763
-0.938430
-1.011443
-1.020984
-1.081101
-1.190642
-1.135502
-1.185509
-1.332971
-1.215952
-1.221236
-1.271790
-1.304867
-1.340146
-1.344445
-1.375656
-1.414132
-1.580204
-1.504705
-1.512377
-1.560552
-1.594578
-1.662465
-1.704022
-1.705017
-1.736977
-1.775651
-1.908932
-1.861374
-1.876224
-1.888760
-1.918587
-1.956488
-1.992533
-2.028517
-2.097398
-2.138299
-2.172052
-2.241468
-2.282472
-2.348736
-2.259791
-2.405193
-2.405179
-2.419920
-2.462884
-2.498751
-2.501462
-2.598533
-2.613970
-2.803086
-2.703423
-2.605687
-2.674972
-2.916459
-2.779980
-2.741829
-2.759118
-2.822139
-2.863603
-2.897732
-2.967036
-3.008095
-3.041784
-3.078640
-3.180209
-3.225776
-3.257225
-3.229426
-3.223700
-3.292348
-3.334560
-3.334973
-3.465118
-3.387625
-3.462129
-3.454006
-3.506523
-3.617996
-3.595645
-3.617646
-3.660299
-3.662705
-3.693763
-3.700141
-3.730962
-3.802125
-3.810029
-3.839006
-3.878403
-3.881477
-3.912759
-3.951596
-3.987211
-3.990742
-4.218174
-4.154762
-4.124382
-4.234387
-4.215499
-4.235671
-4.278630
-4.281262
-4.442756
-4.337645
-4.307291
-4.320552
-4.351925
-4.421610
-4.462734
-4.463891
-4.496085
-4.502241
-4.565664
-4.609056
-4.642473
-4.679255
-4.715772
-4.719285
-4.718242
-4.752217
-4.790302
-4.793278
-4.857514
-4.901070
-4.901693
-4.933790
-5.037993
-5.017758
-5.039721
-5.082225
-5.117450
-5.153324
-5.255252
-5.203123
-5.285639
-5.274660
-5.295026
-5.336860
-5.372613
-5.375782
-5.407677
-5.413757
-5.412077
-5.446003
-5.451637
-5.417237
-5.511791
-5.529295
-5.587358
-5.697299
-5.642653
-5.627520
-5.602601
-5.727946
-5.847464
-5.820015
-5.778524
-5.844526
-5.791055
-5.874462
-5.960960
-5.963066
-6.025654
-6.005152
-6.028752
-6.070366
-6.073178
-6.071824
-6.106150
-6.111636
-6.109917
-6.144018
-6.247542
-6.227414
-6.216923
-6.287336
-6.264521
-6.157449
-6.245794
-6.332849
-6.431606
-6.443650
-6.439136
-6.474085
-6.675526
-6.441106
-6.553405
-6.698857
-6.664743
-6.655227
-6.694666
-6.698980
-6.729637
-6.605661
-6.748283
-6.815543
-6.774168
-6.803081
-6.845320
-6.847185
-6.944052
-6.927443
-7.046737
-6.972827
-6.949541
-6.992201
-7.029173
-7.064187
-7.035885
-7.062861
-7.071391
-7.101882
-7.140551
-7.046125
-7.161316
-7.156471
-7.238994
-7.225961
-7.247690
-7.289458
-7.325205
-7.295936
-7.355825
-7.369164
-7.364587
-7.497043
-7.419365
-7.396101
-7.406715
-7.406133
-7.471461
-7.515011
-7.548388
-7.552802
-7.584744
-7.558190
-7.551962
-7.588422
-7.626194
-7.661843
-7.665864
-7.697668
-7.736502
-7.772378
-7.743521
-7.770647
-7.942418
-7.833507
-7.803861
-7.850346
-7.853821
-7.883963
-7.890963
-7.922075
-7.993415
-8.001585
-7.998184
-8.033080
-8.038804
-8.069716
-8.076081
-8.074700
-8.108725
-8.147156
-8.150303
-8.182103
-8.188493
-8.186974
-8.221057
-8.259499
-8.262644
-8.294454
-8.300852
-8.331968
-8.338175
-8.336848
-8.370902
-8.409341
-8.412506
-8.476952
-8.455475
-8.479454
-8.488688
-8.454215
-8.450684
-8.454329
-8.454516
-8.488026
-8.493878
-8.557648
-8.536080
-8.755988
-8.630523
-8.623171
-8.644856
-8.673793
-8.678725
-8.841414
-8.670699
-8.663855
-8.686987
-8.747591
-8.757474
-8.754703
-8.756597
-8.855599
-8.772721
-8.719685
-8.757614
-8.764153
-8.630940
-8.744488
-8.806826
-8.767646
-8.796275
-8.903810
-8.882793
-8.872343
-8.910527
-8.915719
-8.881221
-9.008859
-8.933415
-8.942419
-8.957792
-8.955037
-8.988437
-9.027438
-9.063205
-9.034522
-9.061747
-9.103090
-9.268957
-9.128582
-9.062096
-9.106001
-9.144048
-9.145727
-9.080445
-9.137910
-9.120445
-9.143249
-9.185136
-9.188317
-9.154490
-9.249548
-9.201898
-9.218112
-9.197865
-9.190909
-9.226960
-9.265201
-9.235674
-9.230300
-9.201797
-9.197406
-9.233287
-9.238622
-9.237124
-9.271521
-9.277363
-9.275854
-9.440689
-9.335032
-9.337564
-9.356074
-9.352702
-9.353329
-9.387798
-9.328086
-9.219322
-9.276852
-9.326069
-9.161751
-9.301077
-9.338990
-9.357271
-9.594031
-9.463930
-9.391569
-9.437057
-9.410118
-9.402022
-9.406930
-9.342199
-9.431307
-9.451615
-9.476834
-9.484285
-9.516115
-9.489437
-9.483533
-9.487515
-9.488062
-9.456285
-9.518024
-9.628839
-9.508191
-9.516849
-9.469172
-9.455852
-9.526908
-9.504356
-9.528053
-9.407245
-9.484354
-9.542135
-9.473334
-9.496477
-9.671672
-9.594522
-9.569727
-9.581531
-9.580985
-9.613779
-9.587578
-9.581425
-9.585469
-9.586057
-9.554286
-9.583418
-9.591622
-9.557047
-9.553922
-9.557632
-9.557935
-9.558963
-9.592827
-9.565988
-9.559925
-9.596671
-9.569351
-9.563074
-9.599982
-9.572637
-9.566348
-9.701153
-9.622787
-9.371401
-9.544902
-9.557141
-9.762355
-9.672176
-9.605616
-9.614707
-9.616705
-9.615957
-9.617684
-9.586211
-9.549831
-9.581253
-9.621522
-9.591631
-9.586250
-9.590562
-9.590968
-9.624519
-9.630554
-9.596594
-9.560934
-9.592430
-9.599939
-9.532721
-9.525009
-9.563734
-9.502932
-9.459382
-9.494078
-9.501119
-9.498894
-9.500852
-9.534751
-9.507796
-9.501813
-9.538590
-9.543918
-9.575044
-9.451180
-9.561492
-9.526417
-9.538739
-9.518761
-9.479792
-9.510974
-9.486466
-9.479591
-9.483765
-9.484487
-9.420085
-9.411890
-9.417800
-9.417680
-9.418639
-9.420032
-9.453717
-9.492208
-9.463067
-9.425034
-9.391899
-9.390030
-9.392763
-9.360737
-9.389760
-9.430754
-9.433583
-9.432840
-9.402189
-9.202728
-9.340835
-9.379547
-9.332256
-9.298687
-9.461835
-9.357088
-9.326674
-9.340620
-9.372423
-9.409879
-9.479333
-9.161785
-9.241824
-9.189313
-9.258415
-9.282342
-9.276185
-9.310655
-9.284646
-9.245612
-9.245071
-9.280764
-9.187910
-9.172497
-9.181572
-9.148281
-9.144284
-9.311415
-9.172426
-9.170347
-9.126231
-9.210701
-9.132501
-9.177172
-8.968007
-9.092930
-9.037284
-9.073790
-9.061121
-9.084907
-9.060666
-8.989488
-8.983792
-9.021989
-8.961180
-8.950407
-8.957223
-8.859264
-8.878494
-8.891915
-8.888750
-8.890230
-8.891888
-9.023314
-8.912950
-8.852916
-8.828758
-8.923353
-8.809130
-8.751437
-8.726603
-8.886407
-8.749171
-8.714518
-8.828574
-8.743499
-8.722095
-8.733144
-8.765210
-8.737748
-8.699680
-8.699019
-8.702008
-8.702359
-8.768850
-8.681715
-8.631157
-8.636013
-8.637914
-8.637922
-8.639462
-8.575404
-8.567005
-8.572989
-8.540294
-8.471270
-8.530866
-8.513008
-8.470656
-8.470675
-8.408771
-8.399394
-8.405470
-8.405524
-8.439075
-8.575765
-8.397670
-8.198209
-8.388400
-8.393946
-8.241323
-8.230100
-8.143376
-8.224596
-8.247210
-8.174623
-8.200297
-8.179040
-8.040838
-8.123823
-8.213869
-8.084019
-8.030416
-8.071092
-8.043932
-7.906285
-7.989933
-8.014389
-8.005587
-7.943181
-7.968252
-7.978408
-7.976030
-7.912422
-7.871792
-7.872816
-7.842548
-7.805563
-7.804550
-7.774934
-7.770600
-7.741589
-7.900636
-7.764651
-7.762223
-7.783104
-7.681473
-7.635250
-7.737685
-7.622854
-7.596910
-7.707776
-7.818878
-7.565228
-7.523726
-7.513475
-7.472159
-7.600523
-7.460492
-7.394695
-7.405563
-7.341313
-7.331337
-7.305389
-7.300564
-7.271221
-7.234696
-7.200727
-7.166417
-7.131883
-7.097492
-6.965195
-7.047048
-7.071447
-7.193459
-7.019414
-6.983257
-7.000755
-6.966038
-7.026691
-7.008025
-6.966206
-6.900843
-6.959918
-6.909102
-6.894839
-6.869348
-6.864916
-6.900594
-6.840956
-6.764829
-6.729392
-6.729450
-6.731460
-6.699501
-6.663395
-6.662250
-6.599906
-6.558244
-6.494250
-6.552440
-6.534427
-6.557606
-6.469144
-6.453439
-6.462000
-6.363708
-6.382845
-6.396361
-6.327919
